1bxn 400 166 175 1024
3h84 448 27 176 319
5mrc 22 47 186 4829
3gl1 15 25 176 34
3cf3 349 123 181 1042
1bxn 251 138 179 826
3cf3 227 156 179 489
3gl1 419 161 175 23
5mrc 74 117 187 6229
1u6g 398 154 179 251
4cr2 471 66 187 2739
1qvr 327 76 184 933
5mrc 58 147 188 5123
5mrc 437 70 189 5880
fiducial 24 16 182 193
4cr2 97 78 189 2606
3h84 298 130 181 27
3d2f 78 85 184 468
4cr2 259 82 190 2861
3h84 156 95 181 115
1u6g 277 130 185 351
3h84 501 64 190 86
2cg9 154 71 186 395
fiducial 510 74 187 177
4cr2 228 102 194 2119
1qvr 269 107 187 957
3h84 135 113 183 81
3d2f 295 138 184 191
5mrc 380 41 197 5310
fiducial 506 81 188 128
4v94 104 144 190 1939
4v94 49 100 191 2086
5mrc 126 117 194 5743
1bxn 198 150 189 616
1bxn 364 151 189 1054
4v94 36 20 191 1776
3h84 286 26 187 85
5mrc 266 43 197 5835
5mrc 485 90 195 6786
1qvr 124 87 190 464
1qvr 128 92 185 34
3cf3 348 96 191 1018
1u6g 387 7 186 7
3cf3 134 17 190 673
1u6g 348 30 188 343
4v94 412 116 193 1979
3qm1 159 24 189 113
4v94 427 36 194 1859
3h84 401 68 187 6
3h84 157 94 188 154
4cr2 456 118 187 35
3cf3 273 142 192 851
1bxn 17 154 192 977
3gl1 255 156 190 273
4cr2 477 45 198 2567
5mrc 169 122 196 6282
4v94 413 23 195 1713
1qvr 96 31 195 572
1u6g 350 157 195 779
1s3x 265 99 191 19
1bxn 427 160 194 893
4v94 64 34 198 1934
3h84 318 43 192 107
5mrc 313 86 206 6142
4v94 458 36 199 1906
5mrc 71 77 205 5787
5mrc 386 144 203 6242
4v94 249 143 199 2065
1u6g 131 149 195 187
3d2f 333 39 198 569
5mrc 388 71 203 6803
1s3x 510 71 198 102
5mrc 335 66 207 5717
2cg9 77 95 197 506
1bxn 185 100 198 949
4v94 63 56 200 1979
4v94 173 74 202 1937
4v94 159 86 201 1970
3gl1 118 100 197 174
1bxn 347 119 200 1018
4v94 175 39 203 1915
5mrc 247 80 210 6488
5mrc 318 123 208 5780
3gl1 190 139 197 55
1s3x 507 85 197 7
1bxn 495 122 202 904
4v94 93 144 205 1859
5mrc 328 19 211 5582
2cg9 152 66 203 426
3cf3 213 85 205 1169
4cr2 55 119 203 668
3gl1 408 60 201 34
1bxn 455 76 204 1034
5mrc 459 101 208 3814
1bxn 400 97 205 950
5mrc 364 124 213 6651
4v94 259 130 206 2014
3h84 343 144 204 429
3cf3 205 15 207 1116
4v94 44 27 208 1747
1bxn 235 34 206 1028
1qvr 232 45 202 10
1bxn 97 55 206 1000
1bxn 270 81 206 1003
1s3x 102 126 202 53
4v94 488 26 209 1995
3h84 349 53 205 215
4v94 42 101 209 2181
3h84 60 104 207 167
4v94 455 51 211 2003
4cr2 255 21 215 2549
5mrc 414 35 216 6216
4v94 190 43 212 1945
1s3x 207 58 206 103
4v94 415 118 212 2099
3gl1 132 134 208 286
4v94 51 152 212 1908
1bxn 13 156 209 1046
3cf3 347 42 211 960
4v94 77 57 213 1870
1bxn 134 13 212 929
1bxn 488 53 212 645
2cg9 211 145 211 308
1qvr 117 147 215 1396
3gl1 377 166 210 200
4v94 455 24 216 1995
3h84 225 80 210 144
1qvr 226 126 212 203
3cf3 338 134 214 460
4v94 274 28 217 1957
4v94 68 37 216 2045
1bxn 229 64 215 994
1s3x 107 69 211 71
3h84 482 84 214 505
3cf3 184 127 215 838
1bxn 457 144 214 967
3h84 253 152 210 48
3h84 21 52 211 5
3cf3 128 93 214 23
3h84 132 109 215 331
4v94 22 143 220 2004
4v94 469 12 220 1978
3qm1 78 154 214 19
5mrc 270 59 225 5517
4cr2 168 80 222 1948
1qvr 130 125 216 156
3h84 17 8 217 104
fiducial 15 51 221 1011
3cf3 86 79 221 1033
3h84 355 152 221 383
4v94 483 37 223 1994
2cg9 102 81 220 349
4cr2 80 124 225 2125
2cg9 276 136 218 259
3h84 483 122 219 167
4v94 40 137 224 1980
1bxn 289 159 222 954
5mrc 44 35 231 4911
4cr2 194 60 229 2687
1u6g 396 81 219 41
2cg9 441 76 221 136
2cg9 344 79 222 409
1u6g 128 90 219 5
4v94 112 114 226 1979
3h84 265 129 223 460
1bxn 323 143 224 757
1bxn 221 154 223 997
4cr2 441 55 228 2395
3h84 444 88 223 449
3qm1 369 154 221 137
1u6g 382 24 224 240
5mrc 312 48 231 4529
4v94 494 59 229 1930
4v94 481 74 228 1880
4v94 199 104 226 879
4cr2 485 145 230 2555
5mrc 386 42 232 6182
1u6g 400 79 223 44
4cr2 419 102 225 286
1u6g 235 34 228 366
4v94 67 58 230 1908
3h84 55 77 224 28
5mrc 221 92 229 343
1bxn 428 90 228 960
4cr2 104 140 231 2769
4v94 58 152 229 1788
3h84 55 83 224 26
1qvr 232 15 231 1465
5mrc 471 114 236 5386
1s3x 281 19 228 71
5mrc 244 114 237 5438
1bxn 178 131 232 986
3cf3 448 14 234 1124
4v94 271 31 235 2005
3h84 323 105 230 60
1qvr 159 144 234 813
5mrc 414 44 240 5461
3h84 217 45 232 151
4v94 81 47 237 2034
1s3x 210 99 231 83
1u6g 429 120 232 237
1bxn 12 24 237 1069
1bxn 87 28 236 959
3cf3 258 88 236 811
4cr2 474 26 239 3416
4v94 394 154 238 1810
3h84 210 69 234 33
3gl1 320 74 234 50
1qvr 186 80 233 6
1bxn 236 93 238 1004
5mrc 435 21 249 5904
3gl1 94 101 235 87
1u6g 324 104 234 26
2cg9 382 124 236 162
3gl1 244 24 237 148
5mrc 140 27 248 6520
3h84 223 46 236 29
4v94 112 104 242 1959
2cg9 160 103 238 108
4v94 421 107 243 1693
4v94 217 110 243 2039
3h84 189 50 239 50
4v94 350 62 243 1953
3h84 367 121 239 88
4cr2 119 130 246 2703
3h84 375 119 239 107
1s3x 148 73 240 54
1bxn 180 111 244 948
4v94 400 139 245 1935
3gl1 231 58 242 271
4cr2 217 79 247 2139
5mrc 459 67 247 1077
4cr2 171 144 248 2039
1qvr 221 32 243 57
1qvr 226 29 248 497
4cr2 145 62 249 1418
4v94 206 124 249 1932
4v94 200 34 251 1959
3h84 93 58 244 6
3h84 364 85 246 215
4v94 226 136 250 1772
3gl1 355 150 245 117
1bxn 196 163 249 1022
3d2f 353 164 247 282
3cf3 437 54 251 378
5mrc 354 116 258 6091
5mrc 31 121 259 5796
4cr2 454 117 250 1025
2cg9 303 163 250 344
1qvr 217 24 246 37
3cf3 249 44 251 1142
4v94 258 149 252 2031
4v94 340 74 253 1938
2cg9 328 95 250 182
3h84 335 97 248 46
1bxn 217 157 252 1016
1bxn 431 163 252 953
1qvr 307 32 249 25
1bxn 452 49 253 1035
4cr2 19 147 255 878
4v94 249 165 255 1904
3gl1 399 46 251 116
5mrc 21 55 260 5198
4v94 419 67 255 1674
4v94 427 96 256 1693
3cf3 331 136 253 593
4v94 257 66 256 1767
3h84 239 99 251 17
3h84 477 115 251 189
1u6g 436 48 251 6
1u6g 54 100 252 19
1u6g 52 100 252 8
1bxn 501 63 258 817
2cg9 170 94 253 14
4cr2 66 109 261 1990
1u6g 489 75 258 345
3h84 240 94 255 139
fiducial 58 12 257 193
3h84 167 64 256 85
1s3x 372 74 256 22
4cr2 27 84 259 1075
2cg9 83 140 257 199
4v94 186 28 262 1494
1qvr 234 156 258 34
4cr2 63 28 265 1468
3h84 421 33 259 158
5mrc 229 29 271 5257
5mrc 327 54 273 6049
1bxn 489 24 264 1031
2cg9 172 32 260 238
3h84 277 41 260 114
4v94 75 48 266 2103
4v94 64 63 267 2097
3qm1 94 112 260 68
4v94 168 119 266 1922
3h84 252 123 260 98
3d2f 382 123 260 40
4v94 217 130 265 1883
4cr2 199 142 271 2913
1qvr 228 153 260 37
4cr2 280 155 268 2469
3h84 250 1 260 36
3h84 383 133 260 17
4v94 159 135 267 1873
4cr2 148 156 267 2268
4cr2 186 57 270 2057
4v94 256 81 268 2092
4cr2 377 100 271 2190
1u6g 153 22 261 9
1bxn 9 112 266 512
1bxn 203 121 267 843
4v94 422 54 269 2008
3h84 151 82 268 330
4cr2 270 112 270 2304
4v94 462 74 271 2048
3qm1 358 166 264 8
1u6g 151 16 266 107
1bxn 184 42 270 1026
3h84 358 43 268 464
5mrc 135 69 275 6050
1qvr 169 94 270 1181
1u6g 71 165 265 7
2cg9 170 29 266 5
3qm1 275 55 268 175
5mrc 413 150 279 4218
1u6g 74 167 267 8
3h84 272 38 267 8
4cr2 440 87 277 1773
1bxn 101 93 272 953
1qvr 405 21 274 1522
3h84 492 47 268 26
2cg9 67 166 269 22
5mrc 252 152 280 5752
5mrc 272 69 282 6138
2cg9 364 10 274 565
5mrc 159 30 284 6057
1u6g 329 82 276 593
5mrc 237 97 283 5529
1qvr 389 140 277 1334
1u6g 294 170 275 308
1qvr 378 65 277 636
1s3x 358 71 273 94
1qvr 87 121 277 1222
3cf3 121 45 278 584
5mrc 63 89 283 5821
5mrc 208 100 285 6434
4cr2 486 100 280 2780
4v94 451 62 281 1975
1qvr 86 16 281 1522
2cg9 496 72 276 31
1qvr 464 97 281 483
3d2f 174 152 279 630
1bxn 349 149 280 1034
3d2f 273 95 281 370
4cr2 143 123 285 2589
3cf3 22 128 280 486
2cg9 187 162 280 397
5mrc 254 37 291 6497
3cf3 78 65 282 1170
3h84 382 123 278 81
1qvr 180 114 282 1321
3gl1 100 20 279 24
3h84 19 153 281 162
3h84 153 162 281 215
2cg9 490 68 281 89
4cr2 357 100 287 2584
5mrc 478 26 293 6155
4v94 245 130 287 2094
3gl1 38 44 281 7
3h84 57 124 283 158
5mrc 334 133 293 5168
3qm1 389 156 283 111
4cr2 105 41 294 2264
3h84 430 44 284 107
4cr2 176 67 290 2398
4cr2 354 75 295 1825
2cg9 95 146 286 235
1qvr 451 39 290 1287
1u6g 367 26 285 17
1bxn 362 139 289 575
4v94 331 30 293 2018
1qvr 72 152 290 823
3h84 154 158 288 71
3d2f 285 168 288 161
5mrc 220 19 299 6607
1u6g 372 26 287 13
1qvr 46 138 291 998
4v94 440 162 294 1929
1u6g 365 35 289 7
3gl1 218 71 291 54
5mrc 22 92 290 16
1bxn 130 154 296 633
1qvr 400 134 290 8
1u6g 363 33 292 5
4cr2 230 159 302 2245
1qvr 174 19 298 1238
3cf3 352 53 297 780
4v94 168 101 298 1654
1qvr 406 129 296 718
3qm1 122 34 296 148
4v94 121 49 300 1926
1bxn 501 60 300 784
5mrc 460 62 306 5298
3cf3 130 69 298 436
3d2f 219 66 297 257
3gl1 308 67 296 188
5mrc 27 85 301 5167
1u6g 148 85 299 512
4v94 378 92 302 1831
3cf3 159 130 300 1166
4v94 259 134 300 1959
4cr2 279 147 302 2855
5mrc 61 157 308 5457
1bxn 402 169 298 864
2cg9 391 111 297 180
4v94 450 147 302 2042
4v94 50 53 304 2146
4v94 31 57 304 1923
1qvr 383 132 303 994
1bxn 430 41 302 816
4cr2 159 54 307 2471
4v94 175 85 305 1991
1bxn 184 158 302 986
4cr2 462 162 300 217
1u6g 372 12 302 458
3h84 425 160 299 23
3qm1 203 168 301 180
3cf3 122 65 300 15
4cr2 188 101 307 1473
5mrc 261 111 312 6428
4v94 327 22 309 2102
1bxn 437 28 308 1021
3cf3 122 71 302 18
4cr2 150 24 309 2711
4v94 129 36 309 1916
5mrc 334 74 314 4828
3cf3 201 21 310 699
4v94 62 110 310 1826
3gl1 213 128 306 260
4cr2 466 163 305 40
1u6g 114 20 305 10
3h84 402 66 307 64
3h84 343 126 306 149
5mrc 123 139 316 6253
1qvr 188 137 309 351
4v94 415 149 312 1936
1qvr 495 82 311 467
3h84 146 102 309 335
3cf3 402 116 311 716
1bxn 68 93 311 881
3h84 349 116 308 56
5mrc 238 139 320 5485
3qm1 182 66 309 153
3h84 396 69 310 192
4v94 57 128 315 2022
4v94 63 22 315 1990
4cr2 342 37 320 2473
3cf3 208 84 314 1005
1u6g 229 123 311 172
1s3x 108 57 311 103
5mrc 269 85 322 6343
5mrc 340 93 323 5710
1u6g 391 31 311 47
5mrc 368 73 321 4958
1qvr 241 159 317 1185
4v94 283 18 319 1921
5mrc 168 123 324 6136
4cr2 163 78 324 2381
4v94 376 98 319 1934
1bxn 379 128 318 915
4cr2 238 36 321 3111
4cr2 46 119 316 149
3h84 360 47 316 117
4cr2 270 55 325 2609
5mrc 87 64 329 5275
3gl1 229 118 316 38
1qvr 479 133 322 1190
5mrc 107 23 332 5812
4v94 178 36 322 1859
1bxn 181 73 321 1011
4v94 399 150 322 2012
2cg9 436 167 318 278
5mrc 237 71 328 5620
4cr2 118 88 326 1626
1bxn 374 153 321 899
3cf3 200 14 324 674
4cr2 409 85 328 2382
1bxn 258 147 323 997
1bxn 83 15 324 942
3h84 55 78 321 175
1qvr 43 111 323 150
3qm1 417 140 321 81
3h84 490 14 322 101
4v94 167 49 328 1998
1bxn 212 132 326 942
3cf3 197 150 327 952
2cg9 133 170 323 269
1qvr 225 13 326 218
4v94 300 19 328 2004
1qvr 19 120 328 1417
2cg9 205 40 326 331
3qm1 135 67 324 98
3cf3 229 96 329 1083
3h84 105 109 329 377
4cr2 41 137 332 2748
4v94 147 150 330 2081
5mrc 212 158 336 4944
3gl1 425 74 327 228
4v94 162 101 331 2113
4v94 429 115 332 1970
3cf3 283 129 331 1056
3d2f 394 134 329 392
4v94 305 136 332 1990
4cr2 103 160 335 2386
3h84 25 167 328 145
4v94 439 136 332 1951
4v94 59 28 333 1885
4cr2 386 54 331 771
2cg9 141 97 331 337
3gl1 287 152 329 39
1s3x 185 138 329 80
3cf3 84 35 335 1145
3h84 405 101 331 416
4cr2 132 124 338 1471
2cg9 483 21 332 437
4v94 429 97 337 2007
3h84 111 108 330 5
1qvr 218 15 330 8
2cg9 194 77 333 250
1qvr 227 115 338 1051
4v94 164 153 337 1918
3cf3 18 149 337 1060
4v94 314 150 339 1968
1bxn 247 33 338 971
4cr2 183 55 339 1596
4v94 151 87 340 1646
3gl1 391 153 336 198
1bxn 229 22 339 1020
1bxn 402 14 339 962
4v94 283 20 340 1218
3gl1 190 41 338 167
1u6g 346 63 338 452
4v94 280 71 340 1612
3gl1 15 101 336 195
3cf3 478 109 339 1032
3h84 159 38 336 8
3cf3 454 102 340 832
2cg9 463 137 339 177
1bxn 24 27 341 883
5mrc 227 58 342 2674
4cr2 358 90 342 932
4cr2 87 119 341 896
5mrc 270 121 342 1486
3cf3 139 28 342 762
3h84 22 46 341 179
3cf3 421 62 343 474
3cf3 258 85 342 855
4v94 445 124 342 1033
5mrc 255 163 343 558
3gl1 143 63 342 213
4cr2 443 49 343 493
5mrc 408 47 344 568
5mrc 222 90 343 213
1bxn 131 106 343 409
5mrc 198 112 344 649
4cr2 386 122 344 239
4cr2 182 156 344 459
3h84 214 121 344 91
5mrc 85 24 344 490
3d2f 402 76 344 141
1s3x 74 91 343 16
4v94 290 22 344 7
3d2f 175 112 344 80
3h84 59 160 344 64
1bxn 106 68 345 73
4v94 168 98 345 107
3cf3 485 97 345 53
4cr2 250 102 345 35
5mrc 251 148 345 24
2cg9 280 168 345 40
4v94 290 20 345 1
1qvr 242 22 345 4
5mrc 91 32 345 1
4v94 287 44 345 20
4cr2 120 48 345 16
4cr2 128 55 345 10
4v94 457 82 345 20
4cr2 84 156 345 12
