5mrc 223 269 176 555
1bxn 407 70 176 1041
1bxn 93 204 176 631
4v94 441 250 178 1963
1u6g 438 382 177 293
3gl1 117 47 173 89
5mrc 211 269 175 74
3cf3 254 58 179 1118
2cg9 466 63 176 460
2cg9 220 152 173 13
2cg9 176 180 176 400
3qm1 350 252 174 107
2cg9 234 371 177 297
3qm1 284 429 173 21
5mrc 266 466 188 6256
3d2f 284 31 178 348
1u6g 214 43 178 571
1bxn 310 104 179 1027
5mrc 57 128 186 5850
2cg9 225 156 177 145
4v94 214 171 181 1958
3gl1 331 257 176 195
4v94 308 379 180 1970
1qvr 91 35 181 1166
4cr2 46 97 181 2618
3d2f 444 109 179 519
3qm1 80 130 177 100
1bxn 395 131 180 759
4cr2 427 171 185 2944
5mrc 156 202 186 6442
2cg9 169 258 178 434
2cg9 428 296 178 398
1s3x 64 295 176 33
3d2f 490 154 181 481
5mrc 203 194 190 6487
1u6g 216 220 181 402
3gl1 255 281 177 78
1u6g 132 311 179 598
1u6g 159 418 181 482
1qvr 172 489 183 1437
3cf3 162 20 181 1191
3h84 132 45 181 387
4v94 103 68 184 1963
1s3x 250 119 177 53
4cr2 286 158 187 2717
1u6g 263 168 183 562
1bxn 349 231 182 1002
1bxn 249 265 182 998
3d2f 428 274 180 550
4v94 71 282 184 1781
3h84 206 393 180 284
5mrc 322 421 187 5337
3d2f 111 467 181 491
4v94 48 470 183 1951
3qm1 217 10 179 94
1bxn 185 68 183 1032
3gl1 355 79 180 186
3cf3 17 107 183 1149
1bxn 210 139 183 1012
1bxn 38 168 183 1006
3qm1 29 174 179 86
1u6g 107 183 183 423
4v94 430 243 191 3091
3cf3 160 290 183 1171
3cf3 185 295 182 1131
3cf3 203 337 184 1206
1bxn 448 349 182 1012
1u6g 152 481 183 446
3d2f 435 11 183 167
1bxn 234 138 185 777
1qvr 88 150 185 1431
1u6g 121 158 183 531
4v94 125 185 185 1793
3d2f 477 186 186 598
4v94 231 203 185 1973
4v94 35 330 186 1990
5mrc 139 372 190 5732
2cg9 354 376 179 15
3cf3 207 420 185 910
3cf3 188 478 186 1034
3cf3 141 29 185 1157
3d2f 293 26 179 2
1qvr 360 29 186 1446
5mrc 30 50 193 5872
3cf3 393 94 184 953
1u6g 72 94 180 32
1u6g 482 106 184 497
5mrc 257 186 192 5907
5mrc 181 271 193 6482
5mrc 452 300 190 6191
3gl1 364 367 179 11
1u6g 188 163 185 360
fiducial 400 167 186 697
2cg9 327 208 184 394
1qvr 373 216 186 1134
3gl1 329 226 183 166
5mrc 303 228 191 6412
1bxn 31 283 186 908
4cr2 47 295 188 2754
4cr2 221 355 189 2771
4cr2 88 355 189 2378
4v94 42 384 187 1910
3qm1 111 393 182 92
1qvr 214 30 188 1457
1bxn 348 55 187 1048
4v94 133 169 188 1809
1qvr 378 258 189 1221
3cf3 428 314 186 1167
4cr2 472 376 190 2172
3qm1 412 447 184 139
3cf3 75 483 187 1216
3qm1 332 15 184 92
4cr2 162 75 194 2858
4v94 228 179 190 1881
1bxn 310 254 187 1006
1u6g 170 333 187 595
4v94 289 413 189 1988
1u6g 178 441 189 588
3h84 363 459 188 360
3d2f 67 94 186 115
2cg9 428 147 186 265
1u6g 449 190 190 361
1u6g 60 247 186 196
2cg9 459 258 188 451
1s3x 339 280 184 21
1bxn 45 449 189 997
3gl1 381 464 186 159
3h84 353 118 188 422
3cf3 497 214 191 1315
1u6g 429 225 188 74
3cf3 488 276 189 1138
1bxn 201 320 190 984
2cg9 83 331 189 421
4v94 97 466 191 1947
2cg9 277 495 189 398
3cf3 204 102 190 1128
3qm1 141 131 187 101
1qvr 21 147 193 1479
5mrc 471 231 194 5233
3h84 172 357 192 397
3d2f 351 374 190 579
1bxn 400 395 191 1025
3gl1 63 410 188 205
4v94 144 74 194 2002
4v94 257 149 194 1970
3gl1 65 154 191 250
1qvr 478 158 194 1630
3d2f 242 240 193 562
1qvr 362 270 192 1527
4v94 315 368 194 2003
4v94 107 405 193 1946
4v94 482 426 193 1995
3qm1 321 440 189 139
2cg9 289 481 190 232
3h84 192 496 186 3
1u6g 175 87 195 596
3d2f 386 157 188 17
3qm1 433 195 189 97
3cf3 355 215 193 1164
4cr2 306 284 196 2480
4v94 199 357 195 1967
4cr2 436 371 195 2731
3h84 376 421 189 68
2cg9 409 93 190 57
3cf3 337 131 195 900
4v94 450 129 196 1948
3h84 248 169 192 343
1u6g 146 281 193 444
1u6g 137 298 195 554
1u6g 108 339 194 473
1u6g 13 379 191 330
2cg9 181 428 192 472
3gl1 248 10 192 163
4v94 111 80 196 1929
2cg9 346 90 194 271
3qm1 370 100 192 102
1bxn 448 145 194 1016
5mrc 48 164 202 6512
3gl1 119 204 191 44
3gl1 65 218 193 210
4v94 230 251 197 1883
3d2f 442 265 193 481
3h84 197 276 191 81
3h84 446 402 193 381
1u6g 212 399 195 438
5mrc 429 461 199 6567
1s3x 134 38 192 91
2cg9 113 48 193 435
1bxn 46 203 196 1030
3h84 255 261 192 97
1s3x 108 285 192 91
4v94 328 311 197 1960
4cr2 469 389 191 5
1u6g 145 420 192 72
4v94 267 17 198 1919
3gl1 372 39 195 214
5mrc 255 45 201 6197
1qvr 210 52 199 1507
5mrc 225 93 203 5941
3cf3 306 123 198 1133
3h84 496 128 192 9
3qm1 152 184 193 91
3d2f 95 313 196 334
4cr2 214 357 193 20
4v94 55 378 199 1766
4v94 394 429 199 1996
1qvr 333 440 198 1445
3qm1 389 462 194 133
1bxn 490 480 196 1018
4v94 286 21 200 1918
3d2f 51 72 196 534
1bxn 288 121 197 945
4v94 253 133 200 1711
3h84 359 136 195 29
3h84 132 139 194 28
5mrc 333 185 204 6380
3gl1 46 186 195 214
1u6g 241 219 196 257
4v94 328 256 199 1973
3h84 255 254 194 55
3gl1 352 297 194 208
3gl1 478 301 195 231
4v94 47 330 200 1965
3qm1 492 340 195 75
3h84 419 430 196 328
3d2f 323 469 196 370
4v94 55 477 199 1938
3cf3 144 492 199 1096
1qvr 390 25 200 1283
4cr2 487 73 203 2475
3cf3 381 80 199 734
3qm1 406 123 196 93
3cf3 237 150 199 985
4v94 211 233 201 1992
3cf3 35 232 198 902
5mrc 151 303 207 6228
3h84 412 374 196 219
4v94 345 394 201 1971
1bxn 172 397 199 1019
5mrc 468 480 204 6098
1qvr 369 493 200 1303
1bxn 33 83 199 1067
3gl1 326 104 197 88
3h84 440 182 199 372
3h84 284 276 199 300
3cf3 363 305 202 1240
3d2f 458 356 201 577
3qm1 360 370 196 96
4v94 210 371 202 1925
4v94 326 391 203 1883
1u6g 139 399 199 476
3h84 30 400 197 277
3h84 198 412 199 453
1u6g 170 450 197 155
3gl1 409 454 198 205
3gl1 69 466 194 1
3cf3 185 23 202 1128
3d2f 156 49 198 348
1bxn 176 60 201 1036
3qm1 336 112 198 131
5mrc 413 127 208 6441
5mrc 93 155 206 6582
5mrc 390 260 207 6796
4v94 74 280 202 2002
4v94 432 395 203 1938
3gl1 199 431 197 198
3gl1 169 437 198 215
3h84 163 451 198 137
3d2f 497 151 204 523
3cf3 167 166 202 1252
1bxn 17 373 202 1004
1u6g 206 389 200 369
4v94 288 401 204 1981
3gl1 69 465 196 1
3gl1 68 468 196 1
4v94 185 487 204 1957
5mrc 286 43 210 6031
3h84 399 59 199 226
1u6g 342 103 203 521
3gl1 429 155 200 176
4v94 229 202 205 1969
4v94 74 244 205 1971
3d2f 357 244 204 541
1u6g 173 324 204 526
4cr2 159 332 208 2048
fiducial 109 372 201 379
4v94 107 389 204 1961
1s3x 160 393 199 94
3cf3 280 493 205 1212
3cf3 411 498 204 1118
4v94 108 39 206 1928
3cf3 386 79 202 33
1qvr 214 181 206 1543
3h84 344 256 200 32
4v94 223 333 204 901
1u6g 25 448 203 438
3d2f 68 50 208 597
1s3x 114 123 202 103
3h84 386 133 200 5
3cf3 119 187 206 979
1qvr 316 209 207 1518
1u6g 118 300 203 430
4cr2 414 322 207 2467
1qvr 17 390 207 1532
5mrc 139 425 213 5981
4cr2 450 442 208 2917
4v94 216 455 206 1924
1u6g 322 21 207 300
1bxn 185 97 206 1003
4v94 365 122 208 1992
1u6g 13 236 202 21
3h84 11 243 203 149
1qvr 33 347 207 1429
4v94 87 462 207 1962
4v94 200 32 208 1966
3h84 359 40 204 128
5mrc 279 144 217 5883
3h84 214 208 204 128
1u6g 355 227 206 316
3h84 136 240 205 321
1s3x 373 294 203 68
1u6g 207 304 204 261
3gl1 225 302 204 56
1u6g 258 475 203 20
1u6g 258 481 208 168
4cr2 79 34 211 2860
4cr2 76 184 210 2347
3d2f 300 187 207 383
3cf3 42 292 209 1162
4v94 325 297 209 1919
3d2f 188 314 206 492
3h84 25 403 205 141
1bxn 456 409 208 1038
1qvr 66 457 208 949
3h84 32 462 204 29
5mrc 392 483 215 6346
3h84 445 486 203 20
1u6g 338 488 207 529
1u6g 175 21 209 514
4cr2 456 85 212 2789
1bxn 124 101 209 1005
1qvr 163 116 209 1431
4cr2 62 133 211 2525
4v94 450 142 210 1981
3h84 164 266 205 46
5mrc 477 280 218 6080
4v94 439 411 210 1931
4v94 483 434 211 1950
3h84 36 456 206 165
3d2f 375 15 208 261
3h84 450 54 211 402
4v94 149 68 211 1962
4cr2 262 83 211 2882
1bxn 161 97 210 1080
1u6g 93 203 209 479
4cr2 273 260 213 2695
1bxn 183 291 210 1017
1u6g 497 296 210 434
3d2f 212 345 208 410
1qvr 124 377 210 738
3h84 305 459 209 447
1bxn 152 17 211 995
1bxn 118 76 211 1066
3gl1 206 84 208 211
4v94 454 184 212 1918
1bxn 475 199 210 1016
3d2f 435 205 210 415
1qvr 235 229 212 1504
4v94 328 270 213 1990
3h84 208 292 208 182
3h84 16 308 208 312
1bxn 336 324 210 929
2cg9 394 338 208 421
3qm1 286 353 206 16
3cf3 37 437 210 988
4v94 388 441 213 1957
4v94 267 446 213 1897
4cr2 405 459 215 2842
3gl1 200 477 209 220
4cr2 429 480 215 2889
3gl1 45 485 208 144
4cr2 184 57 218 2495
1u6g 479 87 210 137
3cf3 320 108 211 1017
3h84 180 155 210 189
3d2f 384 233 214 160
4cr2 448 245 215 2695
1bxn 109 312 211 1026
4cr2 31 326 217 2505
2cg9 309 409 208 117
1u6g 401 407 212 416
5mrc 294 434 218 6071
2cg9 112 456 209 116
1qvr 496 21 214 1351
4v94 115 24 215 2002
3d2f 102 59 213 566
1u6g 314 131 214 387
1bxn 336 128 213 983
5mrc 25 140 217 6408
4cr2 172 185 218 2745
4v94 203 223 215 1923
1u6g 284 245 214 515
4v94 234 251 215 1992
3gl1 66 293 210 130
3h84 43 399 214 411
3h84 62 424 212 325
1qvr 348 18 214 1106
1bxn 234 35 214 1022
1u6g 317 35 214 527
4cr2 363 66 218 2557
1qvr 445 165 214 1358
1bxn 237 189 214 793
3h84 271 229 213 340
3h84 403 240 213 296
4v94 89 245 216 1956
4cr2 61 262 219 2726
1u6g 224 322 211 96
1u6g 158 397 215 381
3gl1 417 445 211 115
4v94 265 464 215 1938
3h84 127 46 213 184
1s3x 199 119 210 23
3h84 33 197 210 33
3cf3 493 203 214 1114
3qm1 408 216 213 144
2cg9 287 311 214 267
1qvr 47 348 217 1329
2cg9 163 376 213 446
3h84 250 398 211 15
4v94 478 401 217 1980
4v94 121 478 216 1965
4v94 216 35 218 1913
3qm1 392 115 213 134
3h84 133 116 214 311
1u6g 349 165 215 562
1u6g 252 187 217 600
4cr2 363 202 221 2928
4v94 114 240 218 1995
2cg9 38 271 213 498
2cg9 359 285 216 430
3qm1 249 392 212 81
3h84 21 401 213 162
4v94 27 420 218 1892
5mrc 78 431 223 7154
3cf3 136 161 216 1212
3cf3 486 162 217 985
2cg9 24 200 214 91
1qvr 309 228 218 1235
2cg9 151 279 215 348
4v94 460 396 218 1885
4v94 226 447 219 1918
3h84 417 70 214 81
1s3x 28 110 214 97
1u6g 65 114 217 471
2cg9 291 124 216 283
3gl1 212 146 215 200
3d2f 234 163 218 531
1bxn 45 215 218 1032
4cr2 279 279 220 955
4cr2 210 326 224 2436
1qvr 329 334 220 1423
5mrc 122 339 222 6101
3cf3 275 360 217 1241
3gl1 442 365 216 116
3qm1 315 377 214 80
1qvr 158 493 220 1575
3d2f 403 227 219 373
3gl1 306 280 215 130
4v94 314 312 220 1959
1qvr 191 383 220 1136
3h84 113 406 220 379
1u6g 466 428 220 540
4v94 140 482 221 1946
4v94 193 490 221 1966
3gl1 243 493 216 145
2cg9 37 203 217 441
4v94 132 246 222 2009
3d2f 453 266 222 631
2cg9 71 307 217 419
1bxn 13 322 220 802
4cr2 190 353 221 2778
1qvr 284 383 220 976
4cr2 486 481 223 2953
3cf3 499 151 221 1109
4cr2 51 281 225 2783
3h84 209 292 218 133
1qvr 181 401 221 996
3qm1 355 408 217 107
3h84 71 63 217 7
1qvr 31 87 222 1423
1u6g 501 93 219 283
1qvr 361 99 223 1423
1u6g 432 150 219 206
3gl1 45 160 218 101
4v94 343 230 224 1915
3d2f 439 375 221 496
1u6g 366 15 222 363
4cr2 473 29 225 2684
3d2f 284 69 222 342
4v94 468 73 225 2039
1bxn 253 100 223 1037
3gl1 190 128 221 38
4v94 73 157 225 1982
1u6g 289 254 223 411
1s3x 436 304 218 12
1s3x 435 306 217 1
4v94 498 346 224 1982
2cg9 308 376 221 412
1u6g 346 452 223 541
1qvr 318 19 226 1283
4cr2 426 79 230 2715
3qm1 492 110 221 106
5mrc 45 115 231 5995
4v94 360 123 226 1925
4cr2 465 161 231 2978
2cg9 321 164 223 124
1bxn 375 180 223 1027
4v94 207 189 225 1868
4v94 482 356 225 1964
2cg9 499 405 219 9
3gl1 452 13 222 157
5mrc 442 59 233 6551
3d2f 169 85 225 587
3h84 334 88 222 375
3qm1 15 107 221 104
4v94 199 172 227 1967
3cf3 360 174 224 1156
3h84 138 185 222 424
4v94 454 197 226 1963
1bxn 391 200 225 1022
3d2f 17 232 223 510
1u6g 475 336 224 470
3gl1 14 402 222 173
2cg9 51 423 224 359
2cg9 460 494 222 448
3gl1 53 88 223 195
3d2f 37 164 224 585
4v94 75 175 227 1919
2cg9 394 176 224 376
4v94 315 213 228 1989
1u6g 71 286 225 200
fiducial 219 499 223 162
3cf3 217 12 226 1189
3qm1 198 26 223 115
2cg9 485 50 225 293
3d2f 52 153 228 508
3gl1 262 171 222 35
1bxn 157 217 226 1035
4v94 387 241 228 1940
4v94 371 251 228 1993
3d2f 278 297 225 327
3d2f 15 365 228 532
4cr2 430 398 232 2526
4cr2 47 469 230 2884
2cg9 279 23 226 403
3d2f 18 46 228 564
4cr2 306 51 232 2778
5mrc 151 66 233 6388
3cf3 353 83 229 1153
3h84 472 179 225 173
5mrc 173 205 233 6369
1bxn 79 264 228 1057
3cf3 134 286 229 537
3gl1 238 429 226 207
1s3x 326 494 225 112
2cg9 268 47 227 411
5mrc 64 66 235 6484
3gl1 436 142 226 186
4v94 411 217 231 1976
1u6g 263 296 225 40
3cf3 68 360 230 1208
1bxn 213 476 229 1016
3d2f 306 494 226 482
1u6g 420 62 227 432
3gl1 197 77 224 5
4cr2 418 81 225 17
2cg9 207 203 231 485
4v94 494 224 232 1948
4cr2 335 265 233 3026
3qm1 105 272 227 135
1u6g 370 292 229 576
1qvr 340 310 232 1517
3h84 211 348 227 154
3h84 112 374 227 155
4v94 329 419 232 1399
5mrc 477 460 237 6594
3h84 344 476 229 345
1qvr 445 487 231 1235
3cf3 268 491 231 1248
3h84 490 125 229 241
2cg9 336 152 229 293
2cg9 346 194 229 284
1qvr 394 278 234 1654
5mrc 450 293 240 6433
3cf3 144 372 230 1153
3h84 104 373 228 107
4v94 137 403 233 2004
1u6g 15 18 233 593
3h84 188 30 229 97
3cf3 461 39 233 1124
2cg9 486 89 231 418
4v94 147 93 234 1972
4v94 211 98 234 1977
1qvr 60 198 234 1411
1u6g 389 226 231 331
2cg9 499 241 230 307
1bxn 144 316 232 1065
1bxn 464 360 232 834
1qvr 205 367 232 1557
1qvr 479 371 233 1448
1bxn 484 391 232 1043
4cr2 63 399 233 2739
4v94 18 418 234 1946
1s3x 190 468 228 61
1bxn 15 493 232 1051
3cf3 400 41 232 1201
5mrc 211 51 241 6291
3cf3 384 129 229 11
3h84 395 135 229 82
1qvr 431 174 235 1340
1u6g 104 187 234 458
3gl1 32 189 230 132
3h84 119 205 230 130
1u6g 68 290 230 29
3d2f 481 301 235 499
2cg9 113 395 231 455
5mrc 391 425 238 6079
1qvr 101 461 235 1118
1qvr 399 464 234 1303
5mrc 432 464 239 6998
1qvr 277 57 238 1556
3d2f 23 83 233 540
5mrc 180 93 243 6590
4v94 202 114 235 1917
3cf3 164 115 234 1166
1u6g 361 227 234 481
4v94 335 241 236 1975
2cg9 109 248 232 454
4v94 267 247 236 1987
3h84 292 391 229 65
3qm1 77 409 231 89
1bxn 399 65 235 1064
3qm1 208 73 231 107
3h84 195 217 232 327
1qvr 466 219 236 1477
4v94 310 229 237 1786
3gl1 499 264 232 197
4v94 378 316 237 1853
3gl1 313 344 232 183
3d2f 389 364 235 585
3h84 180 422 231 62
3h84 180 431 232 104
3d2f 333 448 234 572
4v94 286 452 237 1921
3cf3 398 483 236 1134
1s3x 8 10 232 116
4v94 127 170 238 1906
3d2f 280 220 236 524
1qvr 24 229 238 1341
3h84 88 281 234 418
1bxn 268 290 236 1044
4v94 316 309 238 1972
3h84 344 381 232 112
1qvr 400 383 233 29
3cf3 350 398 237 1032
1u6g 137 469 235 297
3d2f 419 495 238 459
5mrc 206 24 245 5949
3gl1 120 113 234 219
3gl1 118 151 233 177
2cg9 304 165 235 439
4cr2 234 184 242 2737
3d2f 311 413 236 345
3h84 186 418 232 8
1u6g 163 34 237 429
3d2f 81 47 236 281
4cr2 471 88 244 2676
3d2f 91 99 238 458
3cf3 496 167 238 734
4cr2 344 285 244 2590
2cg9 327 295 236 306
1qvr 471 311 239 774
3cf3 443 324 239 1022
1s3x 151 381 235 112
4v94 480 406 240 1935
1bxn 378 466 238 945
1bxn 247 472 238 1014
1u6g 114 474 237 376
4v94 484 66 241 2005
4v94 232 77 240 1972
1u6g 326 114 239 499
4v94 385 121 233 1
1bxn 142 251 239 1070
4cr2 301 252 240 2833
5mrc 53 426 245 6020
4cr2 299 478 246 2846
1u6g 326 481 237 547
3gl1 261 9 237 109
4cr2 429 20 247 2856
5mrc 81 36 247 6514
4v94 458 73 242 1942
3d2f 268 89 242 539
4cr2 186 124 245 2578
4v94 402 229 242 1745
4cr2 48 309 243 2685
3cf3 80 342 241 1263
3qm1 60 348 236 119
3h84 397 387 235 45
5mrc 274 403 249 6096
3d2f 447 411 238 420
4v94 496 416 241 1873
1u6g 450 452 238 548
3cf3 132 19 240 901
4v94 443 106 243 1981
4v94 143 109 242 1966
2cg9 307 113 240 319
1bxn 323 163 241 864
3d2f 185 166 243 540
4v94 380 226 243 2033
5mrc 493 242 246 5928
3cf3 27 376 242 1122
3cf3 53 390 246 2185
fiducial 123 449 240 524
fiducial 415 15 239 155
1u6g 145 30 242 598
4v94 93 62 244 1968
3qm1 78 129 238 73
4v94 165 171 243 1925
2cg9 321 199 240 140
4v94 488 210 243 1928
3gl1 165 285 237 64
1u6g 138 304 241 512
3gl1 311 371 238 27
3h84 271 375 240 339
3qm1 178 470 238 138
2cg9 477 49 240 146
3d2f 68 135 244 535
1s3x 24 174 239 59
4v94 452 184 245 1958
3cf3 351 323 244 813
3d2f 11 341 243 493
5mrc 134 339 248 6048
1qvr 255 443 243 1368
4cr2 244 42 245 2711
5mrc 204 76 253 6708
4v94 462 105 246 2030
3d2f 104 105 246 568
1bxn 28 138 244 1028
1s3x 246 168 241 107
1u6g 379 190 243 158
1qvr 70 194 245 1098
2cg9 235 211 242 381
1bxn 70 311 244 1025
1bxn 83 318 244 1008
3gl1 113 331 241 158
3qm1 169 343 241 149
3h84 66 471 240 138
4v94 164 475 245 1944
5mrc 482 490 251 6171
1bxn 162 493 244 1052
3d2f 359 14 241 319
1qvr 179 23 247 1350
3cf3 282 134 246 1196
1bxn 60 155 245 1039
fiducial 45 178 243 276
4cr2 189 185 248 2397
3cf3 85 268 244 1273
3gl1 458 354 242 110
4v94 128 394 246 1868
4v94 337 409 247 1990
5mrc 220 425 254 6248
4v94 411 442 247 1937
4cr2 34 460 249 1765
1u6g 111 40 244 585
2cg9 473 54 241 12
4v94 130 154 247 1847
3h84 464 236 243 103
3d2f 96 296 243 349
4v94 384 331 248 1966
3h84 448 439 243 171
4v94 302 451 248 1936
1qvr 281 474 248 1480
3h84 333 123 245 350
3h84 15 133 245 413
3d2f 390 180 246 437
4cr2 415 260 250 2369
3h84 243 380 243 51
2cg9 123 32 247 347
4v94 242 90 249 1846
1u6g 356 102 248 606
3gl1 321 176 245 82
5mrc 361 196 255 6853
2cg9 180 230 246 473
3qm1 372 257 244 114
1u6g 147 315 246 413
4cr2 33 333 252 2570
2cg9 136 414 246 196
3h84 469 444 244 78
3d2f 20 70 245 64
3cf3 472 281 250 1170
3cf3 293 324 250 922
1qvr 192 330 250 1146
2cg9 453 405 247 431
fiducial 27 434 249 1255
3h84 67 465 247 182
3d2f 436 494 250 526
3cf3 217 499 250 1143
5mrc 173 65 254 6065
5mrc 410 92 256 6389
3d2f 13 105 254 567
3h84 112 213 248 351
3gl1 227 216 247 141
1u6g 144 226 249 201
5mrc 370 277 255 6244
1u6g 24 359 248 306
4cr2 168 377 253 2538
3h84 189 476 251 232
3gl1 235 500 247 222
1bxn 255 149 251 1007
2cg9 270 156 248 160
3h84 120 189 248 166
3d2f 212 188 253 480
3d2f 75 396 252 347
3gl1 474 420 248 192
1u6g 114 463 246 5
3cf3 77 484 253 1178
5mrc 72 61 259 6138
3h84 298 81 248 47
3gl1 55 125 248 198
3qm1 106 146 248 12
3d2f 485 185 250 451
3gl1 136 188 249 209
5mrc 46 196 257 6502
3gl1 478 218 248 124
4cr2 296 218 254 2498
1qvr 335 229 254 1162
1bxn 361 228 252 958
4v94 261 247 254 1946
1bxn 225 264 252 957
3h84 183 348 251 444
3cf3 482 432 253 1167
1qvr 322 447 253 520
1u6g 42 26 251 475
4v94 96 220 254 1898
3d2f 323 345 254 402
4v94 41 373 255 1941
3cf3 380 378 253 854
3d2f 260 388 251 320
3cf3 438 389 252 1221
1u6g 76 406 251 392
4cr2 260 477 257 2644
1qvr 295 72 251 39
3h84 70 89 252 427
1qvr 102 159 255 1319
1u6g 286 200 250 52
2cg9 220 239 253 327
1s3x 232 274 250 75
2cg9 265 314 252 332
3gl1 122 376 251 195
3cf3 90 380 253 520
3d2f 411 409 254 581
2cg9 462 477 252 453
2cg9 468 27 253 408
3cf3 283 36 257 1070
1u6g 48 57 255 542
1qvr 297 77 250 11
3cf3 302 124 255 1196
1bxn 382 133 255 962
5mrc 358 164 262 6307
5mrc 471 227 263 5943
1s3x 40 237 250 14
3h84 354 351 253 417
1s3x 457 45 253 98
4v94 492 66 258 1879
3cf3 215 108 256 1199
4v94 452 170 257 1975
3cf3 291 263 255 1167
1u6g 473 386 255 549
3d2f 357 418 253 230
3h84 447 443 252 93
4v94 175 466 258 1973
3h84 411 485 252 196
2cg9 235 53 255 350
4cr2 418 57 261 2786
3h84 116 75 252 29
4v94 160 162 258 1928
3cf3 431 168 256 1150
1u6g 23 253 257 427
2cg9 336 466 256 437
1qvr 143 15 259 1318
3gl1 431 67 254 99
1bxn 130 78 258 1026
1qvr 355 120 260 1480
4v94 58 167 260 1865
2cg9 88 299 257 466
4cr2 48 298 266 2866
5mrc 65 378 262 6151
3h84 57 407 258 331
4v94 398 437 260 1999
1u6g 91 465 254 103
1bxn 151 496 257 1003
4cr2 125 53 268 3640
5mrc 37 149 266 6584
3gl1 229 171 256 169
4v94 376 223 261 1964
fiducial 480 364 259 881
4cr2 234 488 266 2663
4v94 97 68 262 1959
3cf3 333 202 262 1191
1bxn 169 206 260 1023
1bxn 271 206 260 1049
1u6g 315 249 259 273
1s3x 426 260 256 97
4v94 318 264 261 1998
3h84 229 281 259 310
3d2f 479 309 258 346
4v94 115 420 262 1888
3qm1 500 49 258 77
1s3x 281 155 257 100
3gl1 403 191 256 10
1u6g 185 234 261 408
4v94 356 241 262 1948
1bxn 448 323 261 695
1u6g 456 440 261 472
3cf3 250 445 261 1199
1u6g 338 445 259 266
3qm1 186 451 258 135
1u6g 286 18 263 323
3cf3 147 62 264 1255
3cf3 378 79 262 1082
3d2f 262 75 263 543
3gl1 497 93 259 168
1u6g 147 106 262 414
1bxn 272 139 262 1044
3cf3 194 165 263 1272
4cr2 390 210 262 1478
3d2f 50 282 264 507
1u6g 443 416 258 73
3cf3 91 13 263 1024
4cr2 316 19 268 2582
3cf3 185 44 265 1171
3d2f 488 170 261 531
1qvr 74 171 265 1527
4v94 253 171 264 1954
5mrc 386 178 268 5993
3cf3 227 216 264 1005
3h84 208 230 263 224
3d2f 374 242 262 574
1u6g 121 285 261 102
2cg9 229 363 261 434
5mrc 310 391 268 6123
3d2f 351 398 262 497
4cr2 345 414 269 2142
1qvr 159 438 266 1405
1s3x 167 442 258 50
3d2f 401 495 262 543
1u6g 39 97 262 445
1qvr 195 134 265 964
3qm1 102 259 261 124
1s3x 83 360 260 97
5mrc 299 426 271 5484
3h84 29 19 263 377
1u6g 500 27 263 451
4cr2 465 27 269 3079
3qm1 266 62 262 135
4v94 76 87 268 1989
3cf3 114 107 265 1215
5mrc 259 110 269 5982
3gl1 136 117 262 190
3gl1 259 153 262 186
4v94 244 186 267 1726
2cg9 140 188 265 438
1bxn 196 251 265 1030
3cf3 300 296 265 1224
1u6g 101 354 264 526
3d2f 39 387 266 527
1qvr 57 457 265 1343
1bxn 444 53 265 1023
1u6g 286 51 262 41
4v94 35 234 267 1964
1u6g 501 248 265 523
3d2f 91 261 267 485
2cg9 252 286 265 112
3h84 407 355 265 273
4v94 46 359 267 1956
3gl1 28 369 263 155
4cr2 94 401 271 2429
3gl1 487 418 263 128
4cr2 442 488 271 2862
1qvr 425 31 268 1324
1u6g 71 34 266 259
1bxn 292 146 267 920
3h84 312 185 264 87
1u6g 466 188 264 141
4v94 333 272 269 1975
3h84 284 315 264 94
3d2f 56 329 265 394
3h84 279 372 265 319
4v94 447 404 269 1959
3h84 359 430 263 46
3d2f 120 489 269 541
4v94 265 32 270 1931
3cf3 457 114 268 1275
1bxn 166 135 268 949
3h84 84 154 264 64
4v94 101 171 270 1937
4cr2 298 202 270 2768
3d2f 123 214 264 116
2cg9 128 218 264 15
3qm1 11 283 265 109
1u6g 388 450 267 216
5mrc 84 446 277 5988
1qvr 485 53 269 1022
4cr2 220 62 275 2670
5mrc 199 213 276 6532
fiducial 34 219 267 568
1u6g 399 284 269 276
5mrc 296 336 274 6451
3h84 63 426 268 423
1u6g 476 449 268 510
1u6g 487 11 269 571
1u6g 473 78 269 570
1qvr 434 85 273 1482
3h84 486 129 267 338
4v94 470 178 272 1980
4v94 98 215 272 1942
1u6g 389 237 271 503
3h84 360 291 266 18
3h84 141 419 269 212
2cg9 332 437 268 283
4v94 406 455 271 1976
4v94 386 486 271 1928
1qvr 295 33 272 1444
4v94 384 47 272 2020
3h84 162 93 271 313
3d2f 313 112 269 361
3d2f 326 229 269 424
5mrc 319 303 281 6511
1u6g 40 424 271 540
4cr2 416 425 266 10
3h84 283 446 269 332
2cg9 335 444 266 8
2cg9 206 452 269 212
4cr2 154 469 274 2788
1u6g 185 65 267 23
1qvr 163 120 275 1496
1bxn 70 146 272 1021
1u6g 67 197 273 431
4v94 146 228 274 1839
4v94 354 262 274 1982
4cr2 103 272 277 2873
3gl1 142 281 270 200
1u6g 159 292 273 543
1bxn 352 307 271 992
3d2f 322 331 275 427
4v94 433 428 273 2039
2cg9 141 451 270 422
4v94 246 33 274 1933
3qm1 494 43 271 84
3gl1 43 47 270 127
1u6g 280 53 269 19
1u6g 183 72 270 91
4v94 398 106 275 2009
4v94 51 175 275 1985
3h84 344 184 270 291
3cf3 289 232 274 1113
1s3x 306 270 269 109
1u6g 78 356 271 492
4v94 249 418 275 1903
1qvr 394 16 274 1378
1bxn 315 46 274 1000
1bxn 106 86 273 1028
4v94 127 224 275 1939
4v94 364 230 276 1852
4v94 182 231 275 1928
3cf3 312 283 273 1033
4cr2 465 289 279 2690
3cf3 87 321 275 848
2cg9 357 333 271 408
3h84 445 381 272 308
4cr2 41 406 279 2752
1qvr 358 462 275 1360
1u6g 435 474 274 536
1qvr 83 482 276 1408
3d2f 106 25 275 595
3cf3 282 70 276 1144
4v94 89 75 276 1878
4v94 479 93 276 1945
3cf3 429 112 277 1205
4v94 85 165 277 1948
1u6g 268 168 273 421
1s3x 170 190 272 42
4v94 224 267 277 1921
3gl1 206 324 273 214
4v94 63 333 276 1883
3qm1 111 335 271 97
3cf3 71 411 275 1272
3d2f 197 419 273 232
1u6g 485 491 272 252
1qvr 125 18 277 1458
1bxn 221 21 275 1061
4cr2 219 108 278 2461
3d2f 114 185 274 511
4cr2 219 200 277 1298
3cf3 332 215 277 1209
3gl1 269 260 273 167
1u6g 24 266 276 531
3h84 93 305 273 173
1bxn 375 311 276 1031
2cg9 478 323 274 311
3cf3 30 366 276 1192
1bxn 106 476 275 1048
2cg9 165 46 275 505
3gl1 254 82 274 192
2cg9 64 215 275 467
3qm1 125 398 273 51
4v94 134 437 279 1889
3d2f 452 464 276 535
4v94 119 467 278 1944
3h84 492 21 279 419
3d2f 186 114 278 510
1s3x 251 144 275 98
5mrc 222 166 285 6002
4v94 486 180 280 1999
3h84 411 236 277 300
3gl1 423 242 275 163
3d2f 259 261 282 552
3h84 376 292 278 261
4v94 297 311 279 1937
4cr2 371 333 283 2872
2cg9 27 349 275 444
3d2f 131 33 282 568
4v94 82 225 280 1978
3d2f 212 243 274 24
4cr2 463 382 284 2710
4cr2 183 404 284 2675
4v94 114 425 280 2000
2cg9 184 434 277 453
3qm1 459 52 276 127
5mrc 472 63 288 6639
1qvr 201 186 281 1360
4v94 347 246 281 1963
3gl1 374 273 277 194
3qm1 393 274 277 127
3h84 262 280 278 413
3d2f 36 332 281 452
3qm1 44 348 276 60
2cg9 274 365 275 14
3d2f 276 371 277 108
4v94 460 411 282 1991
4v94 426 412 282 1954
3h84 416 426 276 43
4v94 391 470 281 1974
3qm1 281 485 276 120
4cr2 221 491 286 2447
4v94 203 52 283 1969
3gl1 200 122 277 122
4v94 247 178 283 1932
3cf3 411 275 283 1089
5mrc 84 291 289 6280
1bxn 102 324 281 908
1bxn 427 342 281 1070
3h84 407 429 281 300
4v94 420 449 282 1946
3h84 65 464 277 142
4cr2 204 29 287 2657
1u6g 12 69 283 420
4v94 361 213 283 1970
1u6g 112 215 281 563
3qm1 375 222 279 51
4v94 468 260 283 1983
4v94 487 258 284 1887
1s3x 190 301 279 68
1qvr 272 396 283 1508
5mrc 369 406 288 5839
4cr2 338 99 287 2852
3cf3 81 142 283 722
2cg9 371 139 283 278
3h84 115 153 282 388
4v94 26 236 284 1937
5mrc 322 241 292 6275
3h84 42 261 282 326
3d2f 458 304 284 534
1bxn 137 317 282 1039
5mrc 154 340 288 6757
3h84 234 340 281 407
4v94 61 350 285 1964
4v94 412 354 284 2008
3cf3 148 400 285 1243
4cr2 291 456 287 2709
3cf3 330 491 281 1165
2cg9 182 34 282 276
4v94 397 45 286 1983
4cr2 406 82 288 2924
1s3x 133 100 280 61
3d2f 126 162 287 311
1u6g 444 168 283 532
4v94 175 216 286 1920
1u6g 282 245 283 535
2cg9 353 350 281 299
4v94 394 359 286 2001
5mrc 168 24 291 6464
4cr2 265 18 291 2634
3h84 501 177 285 419
2cg9 400 277 280 8
4cr2 187 331 291 2357
4v94 291 387 286 1892
3cf3 207 404 285 1212
4v94 126 405 287 1938
2cg9 45 48 285 356
1u6g 79 106 287 563
5mrc 306 126 294 6477
3h84 493 117 285 288
4v94 141 120 288 1983
4cr2 206 127 289 2784
3cf3 328 187 287 1003
5mrc 306 187 291 6464
3cf3 236 206 285 1258
1qvr 339 292 289 1443
4cr2 73 317 282 22
2cg9 129 352 283 165
4v94 240 407 288 1978
3gl1 408 418 280 1
4v94 435 441 287 1939
3cf3 263 452 285 1138
5mrc 325 455 294 5924
3cf3 499 469 286 1247
3gl1 143 28 285 225
1qvr 292 79 288 1441
4v94 411 111 288 1942
1bxn 472 170 287 1053
3cf3 348 187 288 1019
4cr2 69 317 289 2057
4v94 77 376 288 1946
3cf3 55 385 286 1060
1qvr 167 437 289 1559
3h84 61 468 284 126
2cg9 283 488 287 349
1u6g 34 25 288 602
3cf3 137 71 290 1121
3cf3 154 98 289 1216
1u6g 246 121 288 530
3d2f 116 125 287 580
1qvr 66 153 289 1214
5mrc 23 150 296 6323
4v94 177 180 290 1945
3d2f 144 181 288 455
4v94 140 210 290 1932
5mrc 484 224 292 6254
3gl1 280 225 286 166
1u6g 16 254 286 307
3h84 53 255 284 51
3d2f 485 283 284 162
4v94 138 422 290 1913
5mrc 463 453 295 6642
3d2f 467 478 289 588
2cg9 146 480 286 437
4v94 488 100 290 1973
1s3x 10 186 285 109
5mrc 336 209 296 6345
4v94 389 246 290 1975
1u6g 373 255 289 518
5mrc 290 260 299 6416
4v94 389 265 291 1962
4v94 274 379 291 1945
5mrc 320 386 298 5946
3d2f 89 411 290 584
1qvr 321 410 284 22
3h84 346 468 285 86
3cf3 212 474 289 1234
1bxn 350 496 289 999
3cf3 427 37 289 1192
4cr2 113 70 293 2538
4v94 177 257 291 1952
1u6g 486 275 287 155
4v94 219 278 291 1926
2cg9 493 304 287 437
3qm1 483 329 287 140
4v94 108 352 292 1973
1bxn 374 380 290 854
4v94 116 453 292 1938
3h84 97 465 290 355
1u6g 179 502 288 286
4cr2 75 33 294 2787
4v94 110 94 293 1983
4cr2 259 98 291 1226
1qvr 201 233 292 1298
4v94 293 298 293 1989
5mrc 309 329 298 6154
2cg9 131 385 288 154
5mrc 24 491 299 6271
4v94 54 40 293 2001
4v94 123 107 294 1880
4cr2 433 204 297 2820
1qvr 467 323 294 981
1bxn 131 373 292 752
1qvr 323 416 293 485
2cg9 301 426 290 464
4v94 197 65 295 1958
4cr2 277 60 297 2796
3h84 240 103 292 302
3h84 95 148 288 7
1s3x 495 195 290 111
1qvr 464 244 294 1466
1bxn 388 293 293 1035
1qvr 346 343 295 1310
3h84 180 428 289 59
4cr2 31 465 297 2901
4cr2 451 472 296 2823
4v94 170 164 296 1964
1u6g 328 260 294 502
1u6g 17 270 292 567
3d2f 347 306 293 520
3d2f 227 322 292 269
4v94 154 365 295 1944
4cr2 167 404 299 2710
5mrc 340 428 300 6208
3cf3 364 455 296 1238
3h84 339 471 289 15
5mrc 344 130 301 6945
4v94 89 218 297 1916
1qvr 466 317 289 2
3d2f 456 335 293 436
3h84 496 371 293 410
5mrc 58 395 302 6714
1qvr 322 409 291 11
2cg9 53 418 293 378
3qm1 55 442 292 127
1qvr 432 493 296 1367
5mrc 249 45 303 6391
4v94 178 78 298 1974
3qm1 431 88 293 85
2cg9 378 133 295 446
3h84 457 179 293 178
4cr2 25 201 301 2860
4v94 368 201 297 1952
3cf3 449 253 296 1218
3h84 358 289 293 146
1qvr 468 317 290 2
1qvr 355 325 299 1365
1s3x 35 326 291 48
1bxn 51 325 296 940
1u6g 198 368 293 44
3gl1 353 430 293 143
1u6g 48 11 297 504
1bxn 76 64 297 1040
3h84 103 144 293 98
3gl1 42 167 294 179
3h84 285 199 295 285
1bxn 108 211 297 1047
3qm1 472 286 294 90
1qvr 461 316 294 41
1qvr 485 393 299 1412
5mrc 239 461 301 6451
1bxn 118 473 297 1008
3h84 434 10 295 316
1qvr 449 88 298 1290
4v94 253 183 300 1952
1qvr 228 183 300 1250
3qm1 478 249 294 133
1qvr 452 272 298 1375
1u6g 280 326 293 20
3d2f 91 336 298 417
1u6g 191 370 296 187
1qvr 346 405 300 1305
1u6g 190 491 295 165
1qvr 310 26 300 1597
3cf3 122 30 301 1173
3qm1 185 57 297 157
3d2f 421 69 297 276
3d2f 187 118 298 323
1qvr 62 247 300 1209
1u6g 236 333 297 381
5mrc 427 359 306 6353
3qm1 117 372 295 75
3d2f 248 485 297 547
1u6g 255 498 297 436
3qm1 334 317 297 65
3gl1 278 407 296 81
4v94 11 445 301 1972
1qvr 470 489 302 1448
3d2f 473 38 301 558
1bxn 432 44 301 1036
3gl1 303 86 296 31
2cg9 37 113 299 113
3gl1 119 130 298 171
4cr2 295 148 304 2590
5mrc 128 177 306 6347
3cf3 78 190 301 1071
3gl1 215 221 296 20
1u6g 357 224 298 18
1qvr 46 237 302 1464
1s3x 491 253 297 88
3d2f 267 315 298 179
4cr2 99 372 307 2652
3cf3 266 428 301 1090
3cf3 278 39 304 1197
4v94 39 46 304 2019
1qvr 235 70 304 1303
5mrc 378 86 308 5754
3h84 243 108 296 8
3h84 52 207 301 406
4v94 190 261 304 1947
3d2f 477 284 304 575
1u6g 279 331 298 23
5mrc 472 420 309 6297
4v94 441 432 304 1935
2cg9 277 444 301 279
4cr2 393 15 299 65
1s3x 225 93 299 70
1bxn 244 92 303 780
1qvr 470 96 304 1435
3h84 244 105 298 4
4cr2 49 154 307 2655
1u6g 361 224 297 1
4v94 474 312 305 1934
4v94 110 338 305 1958
4v94 123 398 304 1929
4cr2 459 468 298 8
5mrc 207 481 310 6357
3d2f 369 42 303 402
2cg9 444 66 304 472
4v94 144 113 305 1937
3h84 252 203 302 433
4v94 139 222 305 1962
3d2f 188 300 306 434
3qm1 35 416 300 18
1qvr 218 51 306 1469
3d2f 484 89 304 408
3h84 183 102 303 430
1u6g 190 164 303 253
3cf3 223 202 307 835
3cf3 162 339 304 1151
5mrc 79 347 313 6685
4cr2 169 371 307 3024
4v94 79 381 307 2028
1qvr 101 393 306 1503
3h84 38 390 301 15
1bxn 70 448 305 1042
5mrc 414 52 312 5213
2cg9 74 77 301 4
3cf3 285 90 305 623
3cf3 499 133 307 1105
3d2f 17 177 309 544
5mrc 40 196 317 6478
3gl1 224 246 302 14
5mrc 336 262 313 5992
4v94 219 311 307 1910
5mrc 420 322 315 6159
2cg9 403 375 305 499
1qvr 261 390 307 1283
3gl1 189 502 303 153
3gl1 180 42 303 174
1bxn 315 49 307 1034
1bxn 378 61 307 761
1bxn 35 130 307 694
1u6g 427 173 307 567
5mrc 451 305 312 6292
3h84 487 310 304 108
4v94 191 74 310 1912
4cr2 489 107 313 2501
3h84 376 214 307 349
1qvr 105 224 309 1339
1u6g 24 244 307 540
4v94 114 248 310 1969
1bxn 117 324 307 938
2cg9 158 389 306 401
1qvr 136 437 309 1407
4v94 494 457 309 1989
fiducial 393 65 309 866
1bxn 149 177 308 982
3gl1 363 189 306 186
5mrc 91 250 315 5992
1qvr 337 332 311 1354
4cr2 239 345 312 2687
4v94 146 371 311 1932
3qm1 406 393 306 138
1u6g 315 417 306 55
1bxn 376 464 309 1068
4cr2 257 490 313 2616
1qvr 388 15 310 395
1qvr 91 52 311 1328
5mrc 70 73 316 6723
3h84 237 116 308 424
5mrc 95 153 319 6268
1u6g 256 164 309 504
5mrc 236 230 319 6136
1u6g 495 240 308 468
3d2f 171 260 311 431
3h84 43 274 308 364
4v94 312 275 312 1961
1qvr 234 276 311 1425
1s3x 299 287 306 39
5mrc 314 302 317 6441
4cr2 302 437 316 2684
4v94 25 441 312 2004
1bxn 500 171 310 986
1bxn 282 231 310 984
4cr2 179 232 316 2862
4v94 132 249 312 1923
3d2f 491 316 307 53
5mrc 286 406 319 5654
2cg9 502 418 309 177
3gl1 277 454 308 244
3h84 52 480 308 107
1s3x 291 53 308 59
3gl1 408 93 309 201
2cg9 18 103 310 125
1bxn 174 126 312 1041
4v94 306 212 313 1965
1qvr 456 233 314 1293
4cr2 144 269 314 2539
4cr2 79 486 316 2678
1bxn 436 486 312 1030
3d2f 132 493 307 5
1qvr 141 81 314 1350
4v94 326 106 315 1851
1qvr 39 106 309 10
1bxn 188 134 313 811
3d2f 438 182 316 574
4cr2 87 194 316 2631
1qvr 193 219 313 1400
5mrc 435 242 323 6551
5mrc 243 315 320 6249
3gl1 35 480 310 182
3d2f 280 496 314 445
1bxn 281 51 314 997
3cf3 187 116 315 1119
1bxn 36 123 308 2
1qvr 379 158 314 1161
3qm1 74 221 311 84
3d2f 16 221 316 478
3qm1 317 224 311 51
3d2f 495 380 311 270
2cg9 472 391 312 413
1u6g 318 409 308 1
1s3x 381 436 310 102
2cg9 143 487 312 405
1qvr 155 65 312 216
1s3x 25 81 310 5
1qvr 448 95 316 1359
4cr2 202 101 321 2464
1qvr 401 167 317 1422
2cg9 359 272 314 472
3h84 337 321 314 171
3cf3 219 453 315 1188
1u6g 276 73 315 405
1qvr 161 106 317 1414
5mrc 456 121 323 5787
1bxn 37 125 310 1
3gl1 277 177 313 211
3h84 334 204 314 418
3gl1 253 354 313 140
3h84 472 350 314 187
3d2f 129 374 317 262
3cf3 375 400 315 1172
2cg9 277 484 314 467
1bxn 107 176 317 1023
3cf3 484 232 318 1042
1qvr 113 269 317 1433
5mrc 344 295 324 6205
4cr2 257 377 321 2287
4cr2 208 427 323 2625
3qm1 306 468 313 97
4v94 384 489 318 1937
4v94 62 17 319 1917
4cr2 489 22 323 2757
4v94 281 17 320 1892
3cf3 450 20 318 1075
1bxn 310 30 318 967
3gl1 110 47 315 192
5mrc 197 44 325 6201
1bxn 422 81 318 1034
3h84 430 130 315 184
3h84 435 159 315 387
4v94 206 176 320 1918
5mrc 464 172 324 6387
2cg9 296 246 316 351
1u6g 11 252 315 238
5mrc 434 276 323 6880
4v94 485 310 319 1914
3h84 346 368 315 291
5mrc 392 409 326 5499
4cr2 229 425 320 2469
1u6g 440 450 317 550
5mrc 338 482 324 6098
3qm1 113 77 316 133
3h84 433 122 316 116
5mrc 277 150 325 5471
4v94 322 218 321 1892
1u6g 369 285 318 222
4v94 206 314 320 1957
3h84 142 329 318 417
3cf3 497 352 320 1223
4cr2 261 434 326 2695
1bxn 370 32 319 1030
1bxn 250 92 320 813
3qm1 303 114 317 118
1bxn 245 174 320 1009
4v94 188 183 322 1831
3d2f 355 200 317 183
3qm1 485 282 316 100
1s3x 293 290 315 65
4cr2 461 462 325 2997
4v94 501 470 321 1966
4cr2 177 24 327 2762
1u6g 436 113 322 469
5mrc 364 140 326 5880
2cg9 402 147 319 371
1bxn 461 194 321 1004
1qvr 163 205 323 1519
3gl1 366 253 318 191
3cf3 59 276 323 1226
3qm1 279 286 318 66
1bxn 293 359 321 1063
4v94 349 407 323 1941
3cf3 256 451 321 1212
3h84 416 15 322 94
3gl1 179 46 319 178
4v94 248 65 324 1970
4v94 340 101 324 1979
3qm1 421 219 319 96
1u6g 402 348 323 575
2cg9 389 379 320 383
5mrc 320 402 326 5505
1qvr 117 415 324 1375
1qvr 453 419 322 731
3cf3 292 492 322 1178
3h84 18 106 320 99
1qvr 202 123 325 1379
1bxn 495 122 322 995
3cf3 117 203 323 1122
2cg9 496 265 320 186
3gl1 120 332 320 145
3h84 329 425 319 190
4v94 348 426 324 1998
4v94 484 455 325 1911
4v94 483 474 325 1990
4v94 479 46 326 1951
3h84 440 82 321 121
3qm1 33 117 321 139
3d2f 51 136 322 491
3d2f 419 196 322 520
1qvr 81 222 324 1246
1u6g 316 327 321 302
4cr2 206 369 329 2975
1qvr 254 39 326 1364
4v94 488 62 327 1860
3gl1 296 69 322 101
4cr2 200 199 329 2553
3gl1 366 361 322 204
3d2f 110 378 324 465
4cr2 20 492 327 2521
1bxn 38 34 326 990
4v94 238 80 328 1953
3cf3 324 135 326 1126
3cf3 332 163 327 1287
1qvr 220 203 329 1378
3h84 131 226 321 22
3d2f 129 329 323 73
1qvr 446 370 329 1411
3qm1 61 377 322 74
2cg9 202 405 320 6
3gl1 361 471 323 188
4v94 369 483 327 1883
3cf3 233 158 326 1153
3cf3 339 233 328 1317
1u6g 46 257 325 242
4v94 304 273 329 1969
1bxn 127 276 327 1054
3d2f 389 349 328 637
2cg9 202 410 321 4
1qvr 193 453 329 1445
1u6g 26 471 326 486
1qvr 108 484 328 1363
1u6g 225 13 328 343
1u6g 496 167 325 158
3gl1 211 249 325 156
3d2f 323 257 328 331
1bxn 498 333 328 844
1qvr 471 430 331 1513
3d2f 232 476 328 541
4v94 61 32 331 1937
3h84 172 79 326 183
3h84 446 79 324 26
3cf3 311 92 330 819
3d2f 456 99 331 493
2cg9 299 121 326 63
2cg9 296 128 326 126
5mrc 293 151 324 15
1bxn 163 171 329 1009
1bxn 326 273 328 1037
3d2f 181 285 329 330
3d2f 79 470 328 501
3gl1 241 469 326 155
1qvr 105 44 331 1412
1bxn 75 45 330 1018
1qvr 22 91 331 1313
3h84 477 105 327 161
1qvr 435 166 333 1462
fiducial 473 329 327 138
1u6g 411 360 330 321
1bxn 290 372 330 1033
3cf3 438 469 329 1104
1qvr 53 481 331 964
3gl1 40 485 328 209
4v94 281 32 332 1820
1u6g 442 79 326 29
1qvr 402 99 331 495
3gl1 499 101 329 206
1u6g 256 207 329 391
3h84 23 292 329 285
1bxn 458 302 331 1017
1bxn 21 308 331 1041
3gl1 275 355 328 199
1bxn 376 370 331 1007
1bxn 171 443 331 1004
2cg9 213 479 329 445
3d2f 280 499 331 555
3cf3 317 498 330 903
1qvr 47 18 333 1448
1bxn 180 61 331 1036
3h84 169 72 328 120
1u6g 179 97 327 94
1bxn 438 188 331 928
3d2f 130 234 328 85
2cg9 225 317 329 103
1u6g 462 31 331 571
3h84 196 68 331 328
1u6g 460 67 332 517
1bxn 152 70 332 1051
3d2f 255 171 334 440
3cf3 240 193 332 1147
3d2f 238 341 333 592
1bxn 301 46 334 1035
3d2f 68 133 335 532
1u6g 221 225 333 264
3h84 244 274 333 195
3qm1 482 292 330 77
1u6g 72 443 335 445
3h84 175 484 332 253
2cg9 388 60 334 409
1u6g 84 79 335 317
1u6g 482 154 333 477
3cf3 480 194 334 1148
2cg9 87 286 334 209
2cg9 105 22 335 231
1u6g 182 99 334 144
2cg9 37 304 334 453
2cg9 253 89 335 198
2cg9 47 117 335 324
2cg9 381 450 335 270
1s3x 260 81 335 99
3gl1 350 107 335 191
3gl1 314 231 335 200
3gl1 69 270 334 86
3cf3 337 168 334 4
3gl1 17 28 337 176
1s3x 339 170 336 20
3gl1 290 432 338 179
